Results for Query 1
8  8
0 0 0 0 0 0 0 0 0 
0 0 0 0 0 0 0 0 0 
0 0 0 0 0 0 0 0 0 
0 0 0 0 0 0 0 0 0 
0 0 0 0 0 0 0 0 0 
0 0 0 0 0 0 0 0 0 
0 0 0 0 0 0 0 0 0 
0 0 0 0 0 0 0 0 0 
0 0 0 0 0 0 0 0 0 
******************************************************
Highest Score  8
Time taken: 4.05312e-06 sec.
******************************************************
0 0 0 0 0 0 0 0 0 
0 0 0 0 2 1 0 0 2 
0 2 1 2 1 1 0 2 1 
0 1 1 1 4 3 2 1 4 
0 0 0 0 3 3 2 1 3 
0 0 2 1 2 5 4 3 2 
0 2 1 4 3 4 4 6 5 
0 1 1 3 3 3 6 5 5 
0 2 1 3 2 2 5 8 7 
